Jan. 31, 2018  114.90  
Dec. 31, 2017  114.40  
Nov. 30, 2017  114.40  
Oct. 31, 2017  113.90  
Sept. 30, 2017  113.40  
Aug. 31, 2017  113.10  
July 31, 2017  112.80  
June 30, 2017  112.70  
May 31, 2017  112.60  
April 30, 2017  112.50  
March 31, 2017  112.00  
Feb. 28, 2017  111.90  
Jan. 31, 2017  112.00  
Dec. 31, 2016  111.40  
Nov. 30, 2016  111.00  
Oct. 31, 2016  110.90  
Sept. 30, 2016  110.60  
Aug. 31, 2016  110.30  
July 31, 2016  110.60  
June 30, 2016  110.60  
May 31, 2016  110.10  
April 30, 2016  109.80  
March 31, 2016  109.60  
Feb. 29, 2016  109.70  
Jan. 31, 2016  110.00  
Dec. 31, 2015  109.50  
Nov. 30, 2015  109.70  
Oct. 31, 2015  109.60  
Sept. 30, 2015  109.80  
Aug. 31, 2015  110.30  
July 31, 2015  110.50  
June 30, 2015  110.40  
May 31, 2015  110.10  
April 30, 2015  109.70  
March 31, 2015  109.70  
Feb. 28, 2015  109.70  
Jan. 31, 2015  110.10  
Dec. 31, 2014  110.80  
Nov. 30, 2014  111.10  
Oct. 31, 2014  111.30  
Sept. 30, 2014  111.10  
Aug. 31, 2014  111.30  
July 31, 2014  111.40  
June 30, 2014  111.00  
May 31, 2014  111.00  
April 30, 2014  110.80  
March 31, 2014  110.60  
Feb. 28, 2014  110.30  
Jan. 31, 2014  110.10  
Dec. 31, 2013  109.80  
Nov. 30, 2013  109.70  
Oct. 31, 2013  109.60  
Sept. 30, 2013  109.40  
Aug. 31, 2013  109.30  
July 31, 2013  109.30  
June 30, 2013  109.00  
May 31, 2013  108.60  
April 30, 2013  108.60  
March 31, 2013  108.80  
Feb. 28, 2013  108.90  
Jan. 31, 2013  108.60  
Dec. 31, 2012  108.50  
Nov. 30, 2012  108.40  
Oct. 31, 2012  108.40  
Sept. 30, 2012  108.20  
Aug. 31, 2012  107.60  
July 31, 2012  107.30  
June 30, 2012  107.30  
May 31, 2012  107.50  
April 30, 2012  107.60  
March 31, 2012  107.40  
Feb. 29, 2012  107.20  
Jan. 31, 2012  106.90  
Dec. 31, 2011  106.50  
Nov. 30, 2011  106.70  
Oct. 31, 2011  106.40  
Sept. 30, 2011  106.70  
Aug. 31, 2011  106.30  
July 31, 2011  106.10  
June 30, 2011  105.90  
May 31, 2011  105.80  
April 30, 2011  105.50  
March 31, 2011  104.90  
Feb. 28, 2011  104.30  
Jan. 31, 2011  103.70  
Dec. 31, 2010  103.20  
Nov. 30, 2010  102.80  
Oct. 31, 2010  102.50  
Sept. 30, 2010  102.10  
Aug. 31, 2010  101.80  
July 31, 2010  101.60  
June 30, 2010  101.40  
May 31, 2010  101.60  
April 30, 2010  101.40  
March 31, 2010  101.10  
Feb. 28, 2010  101.00  
Jan. 31, 2010  101.20  
Dec. 31, 2009  100.30  
Nov. 30, 2009  100.20  
